4495
4233
3210
6669
6991
7115
8472
4593
5158
125
9752
2297
4110
7269
3078
1815
6586
1057
6255
3836
8707
6842
2053
5914
4978
8406
2310
1726
5306
9372
4620
19
5284
6959
4364
2706
7218
6869
8760
7819
3476
686
6341
4456
5606
80
4810
3731
2354
5303
2560
1788
7269
8994
4343
8425
1845
165
9526
7591
3337
7376
2158
4085
7294
4538
5718
4151
3638
7655
1759
6346
1696
5768
970
3049
3929
4902
7159
2305
374
9411
9537
4272
5750
1232
6363
6532
9058
3845
3454
7714
1103
4392
4386
9477
8845
4408
5302
2733
6698
6833
6154
5214
4037
4608
1955
3925
4983
4059
2132
7909
1298
4429
3439
3770
1688
3539
2056
8944
1144
8290
3479
5334
2116
7964
4582
9104
5208
7679
856
671
892
9151
3240
2741
5285
6019
3166
3104
2413
1367
1525
3332
2618
5789
7075
4034
1716
5390
2480
2340
8406
442
1693
7463
7994
7050
618
5800
9007
6172
4147
7865
5482
6593
6553
5536
1818
1052
8963
9606
8952
7614
7165
4426
310
1592
5366
8537
3524
6869
6675
7635
9180
9256
9082
8957
1038
8756
6461
4214
3113
1969
7765
1593
7704
740
3980
6005
5133
8166
1627
769
250
8527
3653
3233
2995
3406
3402
1414
325
2262
5034
8732
4623
2111
4205
9093
9337
7558
6159
5192
6054
9445
4438
8716
8486
7616
2386
2365
7867
889
1293
77
1219
5265
3609
3622
8581
9551
7000
918
7816
6172
5170
3786
5988
3730
4378
639
4333
7036
341
2660
9907
9814
8836
361
658
5044
4727
1152
2324
7994
8378
7476
4868
7387
5420
9426
3413
891
5757
5362
3639
2109
285
8967
4391
7595
9353
1427
932
4100
5210
3012
702
8167
1874
9137
9670
2504
9670
2230
1506
6152
8512
2197
3637
8336
3477
5070
3933
9134
8612
1564
9350
3604
45
4710
3094
9863
7499
8422
77
5720
4034
6995
1324
3015
7526
8813
6794
3478
3715
6299
2631
5107
9976
8086
3244
3414
925
8716
818
7605
1897
5802
4872
7810
3941
4485
2278
5780
4489
4297
3839
8152
1144
4089
6910
8332
2124
6531
4851
311
5814
4911
3160
5340
3629
1412
9014
263
4904
7888
5640
4556
9899
7252
5469
1601
7161
6052
6319
8601
4476
6508
3008
8668
8428
9398
2750
8091
6172
7494
6411
1563
4486
2974
9326
8234
5340
1207
4721
1844
4295
7613
9
8946
7911
3942
1201
182
8961
5219
3560
1004
3778
8860
7179
9785
4318
3030
4691
3306
8644
2165
4515
1857
7441
3764
7154
8739
918
2071
3928
1912
9962
1053
7230
8731
7793
1197
8893
8189
3533
2106
8593
9007
7057
5584
7338
5992
5297
1986
2031
1579
3798
5968
5883
4241
3695
6434
5993
540
3551
9508
3819
2999
7499
2641
6448
1664
6027
2587
6588
3289
3376
9904
7028
8378
6003
7907
953
2982
9882
4540
2925
9134
480
1480
6628
5034
8194
6023
4535
3726
3726
7737
1542
6888
2471
3716
9303
8579
4276
3373
520
2295
5159
6130
2771
3561
512
3127
9563
9376
5121
7126
2285
5361
3932
3132
470
1185
8927
5971
9345
4947
1672
24
3045
7595
8162
654
9076
9180
2434
6454
4576
9757
8098
6392
7801
9086
2376
6181
8858
952
5593
3724
2175
9856
93
4405
9450
123
6551
3120
5882
89
2283
1498
4413
6847
5814
5509
2343
340
4192
815
2251
9069
4820
649
4442
3485
1454
3721
1277
7381
4893
7745
4720
1963
2416
7526
7137
2114
6506
5232
2030
9438
2556
4478
5708
2057
7376
9144
3123
6889
5086
2478
1119
6079
4733
1967
140
5709
4360
684
1091
1442
9633
6411
7496
2816
1164
5668
4347
5109
3637
992
4118
5338
1518
6287
7305
6810
744
6863
9530
4896
3060
7941
9792
5184
9898
7780
4740
4045
5642
9367
1988
764
5931
7646
1440
9878
5223
7646
7354
2103
9311
2526
5449
2370
2660
9586
8731
3833
7512
6555
2920
7477
1518
132
7382
7940
3393
3651
259
7530
1468
993
7169
2045
8412
9457
1245
3980
6405
5112
8603
985
1036
399
7324
9
8870
5184
2
478
3205
9317
9550
3069
4886
6857
5470
4159
188
9534
3163
9870
5803
9795
1925
7786
1695
1819
8264
8870
6260
2258
9922
6896
4585
1138
2565
7795
9860
7371
5464
6701
35
2598
4716
6234
6660
1737
2560
5519
510
8525
9141
5852
9091
9573
8737
5517
4391
1062
5903
3243
5377
8006
8235
7075
8607
7231
1547
2991
2101
1734
123
5539
2136
5830
9414
942
9974
7672
1049
1662
5713
8132
379
262
9437
2778
4852
9526
5595
6755
7531
5293
5192
710
3776
8221
1751
9643
717
761
1256
5480
8495
6089
3314
8563
9484
6366
645
2772
6687
8805
6647
4030
5343
9304
6293
2082
2382
5088
3884
1085
6874
9746
2298
5354
801
6338
2288
2822
3621
6826
7109
261
5931
8986
7289
1097
7263
5171
2740
8815
539
833
4529
6321
1042
4510
6634
4446
882
5193
8806
753
919
7402
5247
3244
802
9098
224
2214
4431
2634
995
7492
2463
4381
436
7626
5736
4307
6626
2187
3451
2911
4310
8294
7816
9160
3640
7697
2447
9775
4878
1349
5311
7182
3859
4213
8218
684
1921
4267
3969
3028
5739
6178
9143
2422
7038
1860
5186
8297
9528
7339
3009
7587
545
7683
6603
7199
7884
9596
9291
7440
8080
4242
2255
662
1029
1309
8648
9156
7220
8943
8235
6407
8077
3231
6874
6233
7018
5171
2340
5030
8587
2720
3006
3386
5763
430
8716
4648
1002
9413
3841
9695
4844
5961
919
9118
7035
8001
9568
6290
9053
4728
9426
7394
3596
6298
7752
7385
6194
7219
2028
4055
6414
9241
5400
5930
1333
6946
8122
3527
1890
2001
1323
7676
3556
84
328
3064
6337
7872
3537
9943
5570
6143
9468
2006
4164
9079
8905
3884
9017
9093
1326
7364
9152
1204
4781
1525
837
861
6213
8264
5371
4364
4852
1375
8545
1620
4772
4298
6894
6814
3916
8903
4753
3751
6040
5316
7860
9151
8830
645
3817
8943
6209
2692
7026
9770
5335
3275
5939
299
9083
4615
3385
4732
3014
1375
6578
3893
1699
437
1965
7731
3079
238
1536
6669
1097
1617
1404
8290
6227
2471
547
116
701
9301
7405
8884
299
9683
4748
1624
7306
1080
8669
4133
9962
3069
5856
7931
2123
1962
4417
7733
3123
9162
7426
7576
1898
7093
5095
5292
1343
9530
1028
1789
8529
6276
354
3741
3936
5750
2696
5708
8205
2820
935
463
7995
3396
7504
4344
3518
1759
3530
7831
9085
1368
2620
224
4528
4983
233
1299
9809
5337
1691
2106
7265
3312
6696
1723
5985
6587
5901
6686
635
8067
5562
5063
2653
65
9570
7717
5220
7158
4305
5140
4651
7906
625
9451
9927
3246
9062
7618
8971
7230
8823
3810
4984
4010
8563
5850
8634
3511
7040
3219
2254
7047
4762
1785
305
3287
3515
3487
6331
4473
9271
7572
375
2514
5377
3680
2413
4728
7191
6041
6736
9349
6309
2380
9414
1660
2455
724
5978
2653
3712
2253
9297
3394
1275
8572
8231
1
3213
7333
6115
6048
2790
1033
4385
1487
860
9943
710
9829
8533
1674
2906
8114
5880
6666
9580
7543
4802
981
5981
6058
9317
5279
8856
8063
4546
1520
7213
604
6437
7059
6899
9793
7869
9123
5599
6026
3228
1379
1472
1664
2734
8255
3018
204
9855
2021
9963
1710
8
2235
4945
5291
6414
7091
3650
5750
9405
1462
6625
8179
8859
6977
9477
1228
5455
5331
9439
7086
5417
7253
5305
3737
5104
5975
4679
3038
6381
5940
7143
6283
1022
4524
4464
7541
2599
7046
9309
3807
7249
3032
2017
220
542
4796
1004
8024
6257
7735
6040
2737
4272
5456
5297
102
9050
1802
6406
7749
7186
6189
8955
1241
2384
8262
895
4222
8871
2827
4136
3655
9726
6240
5209
2870
4937
1002
5406
7039
5039
6195
969
8016
162
7526
8045
8030
1005
2306
8963
4665
7815
1446
6133
2712
5787
2682
7317
2079
497
6700
1395
4705
4916
541
6869
7639
371
747
6268
3868
7435
2053
8433
7276
9100
6146
7171
3172
7866
8978
9199
1286
378
4434
6469
3764
8131
6786
7991
6791
390
4272
4083
769
6011
1416
1611
637
4048
8232
2245
4876
9252
332
6992
9045
7361
5164
9361
7233
6916
6049
6388
2768
8796
7551
1455
7696
2081
2789
5331
9072
4972
5756
2199
8982
2497
9434
5578
4305
8539
3587
4958
1743
8278
4429
7775
3376
8604
2096
2876
8127
8264
820
1062
4892
6539
1010
5440
3827
9127
2071
9358
3276
2540
9726
2527
1208
3838
1830
6528
1640
776
2267
9394
8505
8589
3316
5189
1704
3488
3140
8590
2654
9773
6482
6356
9552
6875
3474
7274
5794
5131
3620
9671
8505
4144
9378
908
7971
5654
6577
6427
2923
3551
6925
6806
1091
7353
1234
136
9195
1794
682
3506
1659
4492
7431
1837
2724
5615
5187
4465
2333
8394
4981
9901
2205
6952
1292
7018
4855
8406
8956
6533
4951
9503
1805
116
9371
4140
9894
5723
9601
7042
3310
6789
7700
588
7100
9852
4957
6352
3610
9825
579
207
5702
4684
6274
114
6691
1638
1432
8575
630
4985
2762
7615
9623
1815
1689
2727
3170
5476
2615
3608
8319
8285
5213
3779
8276
4354
4338
8210
1559
619
1850
7911
3285
9115
5664
3142
5195
6436
2672
2344
1216
6893
3866
2211
948
4360
1913
5406
4302
4053
3728
6352
6723
9548
3181
2261
5925
2253
1979
6085
7836
223
9945
446
1630
716
9487
6767
1091
6237
2860
1785
2358
6921
4973
4450
6100
3078
8968
9787
5585
454
6571
2725
767
7369
298
4144
2509
7244
9996
3393
364
2267
1926
6422
1980
3898
4614
6319
2085
3801
2013
3530
4297
4379
1218
6313
9518
1564
8879
8108
575
3740
7782
7398
3936
9797
2633
7384
5818
6149
1979
7310
1826
7288
1418
4658
6375
6923
1782
7589
564
7099
4797
9964
4945
811
7899
7106
6656
9585
9317
9041
8782
1241
4349
9376
3459
4668
3799
2210
9280
7753
5982
6516
7793
1877
4396
7254
3593
1364
4198
5201
7356
9087
1939
2896
1455
80
4690
2448
3364
3473
6632
1999
2863
9269
3471
1618
5327
627
7619
6063
4792
4144
9993
1445
7364
337
7475
5138
7602
4078
8641
3479
7989
9982
4148
9752
4301
958
2388
5769
7775
9036
5403
3942
8332
6332
4907
3158
1797
656
3290
1018
8042
4551
9915
7022
6298
8829
8702
6128
8502
1655
9062
9821
1453
2035
8527
2244
3837
2214
2125
2302
4683
6948
469
8683
5741
8850
5830
3722
1405
8099
3051
3726
6326
1679
46
7911
2652
2018
847
5483
5977
7393
2694
560
1458
6813
7490
7565
9382
199
7109
5579
2438
657
1480
8695
5391
9361
8184
848
1475
5182
2348
7838
8874
550
6059
6257
4913
2232
7198
8968
5240
752
8655
9345
192
4965
181
2059
784
8940
6843
6422
2324
6782
9931
9418
4520
7240
8533
9507
3126
4050
2499
8938
9673
9839
471
1935
2632
1105
9844
8401
5483
9325
9044
7996
4586
8506
6387
7411
2498
2719
3858
4439
444
8013
8703
6067
7007
1910
415
4214
8787
281
5862
1978
2786
5712
635
5287
9561
3735
469
9717
818
3291
2553
9884
5067
5586
2952
9321
152
1171
2946
2019
2107
8511
4111
2936
5564
8554
9202
3661
2201
8919
3500
1207
177
8166
9211
2372
9287
5324
3651
3522
3732
2388
568
5796
6823
7772
2699
8694
9628
6865
2877
828
8713
1812
437
5206
6435
6326
9442
7825
941
2992
5348
2605
2034
9863
7141
2707
3366
338
2640
8151
1029
5371
5770
2305
3562
9814
5842
5315
8622
5392
639
795
7133
1224
6977
3251
6597
9070
4724
7590
1413
4546
2878
8809
9587
7471
9136
9513
1960
4153
7660
5219
2278
1973
3238
2637
3768
1930
3901
4035
728
7956
8162
1617
1601
2729
7576
9448
3450
8528
24
6867
6372
8164
4263
6551
432
5504
1650
2455
6970
7207
6690
7686
762
7372
4061
44
9467
4578
6121
3449
2005
6460
1540
6743
8095
381
2673
7477
7021
51
6563
7214
4926
6993
2049
6586
6360
2652
3359
2893
7670
1647
8765
407
6925
9150
1428
3669
7480
5727
8388
7081
50
1096
2775
9876
1217
4211
3845
4133
4657
822
9156
4954
5052
1271
3314
6125
3666
627
8138
1621
8842
483
9760
3195
4318
6760
9246
6918
3189
637
4641
7063
5569
430
3988
3963
3590
621
841
3631
8225
555
6070
793
8600
9354
2339
3768
5984
5497
543
9115
1413
9240
683
6370
8047
3487
3228
8328
6791
4137
792
315
6449
3991
4162
2691
7730
5291
1126
4414
3806
4719
1374
1942
8806
1231
5772
6932
9603
1525
3787
8268
5589
100
8472
8821
5719
909
4514
4938
2063
5394
1143
7237
4336
7359
8360
4479
438
8575
1926
8457
3897
243
9796
6734
300
4565
294
1783
1288
7506
217
9649
6488
8565
9272
8560
893
5864
5759
8154
7618
5190
7296
2875
3699
9754
9461
8974
9684
3402
4761
3074
2104
3736
4073
1740
1620
3206
2785
5676
8608
5604
4299
9234
2274
2592
4239
5783
9023
9908
9745
2121
667
5700
9575
614
3407
4121
2381
6045
3987
5678
2493
5229
341
2194
4807
1398
216
8223
2991
2071
2750
2694
8089
8656
4798
4260
7827
8421
5907
1279
481
4595
3277
2768
939
8358
802
9722
812
7277
4309
7187
8865
8336
8528
6218
2817
122
9962
1424
8690
7981
3851
4197
9213
7950
2724
3907
8577
199
8634
9368
6810
304
1133
677
3400
7205
8268
7220
6441
9963
8430
987
538
1569
6785
5722
3994
6926
1165
1389
3355
3891
8814
415
1351
793
7171
6789
2409
1194
9033
1666
8510
6829
4795
9432
6938
2638
2304
6269
680
3601
7838
9316
1641
1671
134
8148
6653
2541
3080
1989
6325
6200
1627
5376
7210
2253
9844
2222
8416
889
9617
3246
4895
2957
3460
4525
914
8201
5102
5602
8901
8891
7113
3986
803
7258
5693
9180
1386
9038
8913
3412
5467
2141
6198
8164
4004
9031
3667
5244
7150
3732
2032
8708
5926
9568
1221
9223
7993
1681
8608
5617
7155
9218
5812
9292
696
5622
2374
5955
3419
1941
3332
5692
2344
7226
1662
6764
1433
2200
5926
752
1416
7192
8007
6652
5806
2990
5826
9334
551
3791
1105
3468
1409
4658
2852
7403
82
2046
3082
2779
7464
4852
2480
4730
9880
5165
215
4393
2160
2460
3893
165
9564
2313
2795
6640
9091
876
9940
483
9604
9351
6281
648
9271
8468
3399
6269
8346
1604
9408
9336
5066
6568
6484
824
2525
306
7428
8347
4794
7873
2970
566
1276
6777
1126
8659
9286
571
4900
7896
6205
968
4798
3084
4215
6077
8247
19
2541
3471
8831
1401
4470
697
4459
9692
8926
2566
5075
1327
9362
4110
7316
6354
5864
452
5653
5077
9956
9982
6984
8664
5381
5225
8371
3718
2316
6586
5705
1863
6931
7727
4412
4057
2960
7785
2028
5993
7087
4858
6454
5289
5290
7199
2988
3396
3050
3457
7895
5118
8324
940
6158
6524
2532
1349
6336
7599
1477
6757
5986
9489
5027
4664
6994
7406
1724
9925
1323
9362
2037
3024
4206
7773
1887
8760
3573
5677
6271
6713
1690
1814
1376
5084
7347
9136
2358
2408
4721
9468
3152
7509
8084
2964
4132
6597
9896
4777
3200
7884
3500
2926
6000
8273
641
743
1313
3759
8322
4451
8457
5002
9140
1473
4469
2214
4189
7856
270
8980
7823
3849
6581
2912
9166
5140
2379
2165
6113
3447
934
718
3743
4339
1052
2102
559
1930
4069
746
2785
9890
329
2522
9057
5643
2425
1173
5297
9
6306
5342
2276
7637
5515
1684
6451
4547
8277
3141
8012
7850
1930
7897
8782
9296
4297
3737
6574
8663
6966
4603
1950
5233
1192
947
7912
5570
3145
3207
3015
3671
1549
8151
3626
5181
7447
1180
1601
797
2744
3737
9531
5287
1508
3911
6894
7566
5528
59
6930
4209
3607
1783
5872
3440
2218
9981
3282
9165
3704
7839
4684
4939
7043
7622
5402
5877
5337
3890
7599
2486
3658
2411
872
4145
652
5408
420
1518
7391
8040
5832
6615
7369
8060
7809
6341
2244
411
9798
467
8961
1237
6398
7707
5206
1211
686
4253
1845
6431
8138
7591
2888
6176
5704
4604
5868
794
772
7143
8056
9669
6261
38
6875
8768
4859
6285
6061
9675
7587
1604
2655
7084
9261
5941
3748
9803
6191
2560
6055
1041
9506
6370
5843
7401
854
1854
1535
2369
5941
7579
6379
9388
5303
8594
3977
1549
1095
292
5203
9905
3229
7256
1019
9945
8153
8460
2090
6381
8828
5857
2707
9578
4965
6767
3507
3122
8512
1808
4761
932
507
9139
9572
4023
1963
2681
4237
1598
3197
6704
1242
8492
3194
1617
8875
1135
2986
6203
274
7219
4781
9598
3923
5
1647
2307
6985
6853
919
9310
2732
2910
8155
9834
3363
5215
7496
7833
9896
9400
8587
4331
1576
1142
9799
7864
8238
7097
2465
2011
385
5559
1077
9723
3439
5395
9929
2502
4540
2879
7575
8853
2573
9974
6673
402
4670
4352
8221
6043
5361
981
6067
4108
7719
7432
9645
108
9426
258
345
2899
460
7792
9663
5246
3328
5415
5316
5746
1138
3078
4924
7791
3691
1152
5475
7831
6760
10000
851
9615
5182
653
8950
3240
6097
8861
4572
7873
4655
2410
4196
4831
913
2141
3971
3338
3234
326
2839
4718
485
6218
8562
2049
2640
7462
5601
1380
6917
7834
311
7490
4529
6252
698
1855
1331
9417
5105
3042
4149
569
6657
9999
3444
9844
7997
6923
2097
7479
3926
4282
9571
9766
7928
4340
466
9018
2230
1115
6610
3072
59
4089
2170
6884
3055
2155
2040
8624
6399
9333
4743
5353
9201
6593
2455
8831
7870
4757
2384
298
5794
1889
5707
4194
3505
4874
2563
4655
9692
8925
4158
5406
4912
654
5952
3175
6680
62
9118
7107
6686
4252
980
1845
8389
1083
8973
9912
5923
4022
6815
9793
3329
473
6073
9792
6514
4574
1029
4047
8973
2048
9896
6431
6365
9081
774
7
4286
9375
6535
4641
8226
3567
8724
2966
4637
2988
7056
5451
7269
5412
7593
8534
3478
3859
9753
5962
1111
788
9518
2328
7729
9106
3837
9579
415
8257
9077
1769
6272
8415
4624
712
749
8259
1255
5341
3470
2155
2718
555
8872
720
8133
7159
2126
4652
2275
3036
9093
5500
588
7208
2794
8616
5848
2551
7885
2902
3807
94
8857
9179
5874
7576
7410
3992
7879
7670
9282
8534
5341
6755
1116
2928
7289
3361
3486
4650
2661
6580
7078
6044
5567
8594
5192
27
8305
2248
7240
4907
3906
4112
4716
8985
3219
5806
3225
3077
5028
1596
1600
4452
1589
8179
1882
8794
6084
3389
1981
7736
2957
4196
6222
8321
6894
708
7640
7241
1264
2203
9918
7169
2287
3184
6118
4631
830
2360
6030
8928
9863
5078
3840
9392
1828
242
3117
3935
6937
6033
6630
5280
281
4833
4400
2502
2977
6711
4566
4636
131
2509
8145
9928
6308
2155
554
9038
7408
1131
9920
3032
6380
8254
4567
7261
9041
830
9908
427
5393
9126
7933
4041
1360
593
914
1252
5551
5812
4615
5598
5819
2258
5260
9609
755
9094
8879
402
1967
6008
1200
4408
4014
1812
1257
6175
239
3972
2052
6880
4351
8533
7253
6569
9577
1036
3686
438
9525
2898
5658
3538
7421
4465
8540
156
3324
5536
5936
3849
2138
6424
6833
1571
8738
7866
6555
726
389
6027
8134
1032
791
9649
8705
4099
4502
9991
8954
2339
5339
645
2304
5424
7373
3505
4516
6877
2589
9234
3706
5577
4949
5424
5382
6996
6669
3313
7035
6765
8816
4368
2090
4839
5006
1389
3539
1957
3944
4854
3471
1362
3815
4145
5907
7806
9123
5043
6801
2769
8490
9392
6932
9514
121
214
464
4076
176
5713
4460
8667
8127
8560
2289
2055
2327
2688
7024
7461
8487
8404
9205
2258
3515
8017
7078
5334
7291
8464
6410
7368
5307
4419
1252
6465
5858
5222
6696
6593
6477
1652
9542
9119
5626
4040
3096
8329
7353
1489
7832
315
8526
3105
527
827
589
6029
694
1794
343
1806
4580
8082
7141
2169
3845
5762
7138
7649
8135
673
8742
7613
8200
1385
7230
8307
8955
3788
680
6242
9927
5517
3818
7914
3923
7139
1133
3221
3410
3627
5751
9194
8099
4028
5889
2684
6555
9417
6504
5531
9236
9257
9705
3345
324
4088
3882
9593
948
8124
8129
9893
6942
8754
5516
7585
177
1240
6041
520
3662
5955
7661
764
7119
2371
1727
3440
1528
8768
7354
8294
8290
9052
7758
7732
1029
8482
472
8050
5881
8186
2473
6382
9074
4305
713
4478
9077
1372
8356
1860
4187
1105
7058
5107
5487
7165
6086
7091
9355
3635
9736
9812
3378
6
5560
7163
4421
8226
7250
9435
7847
8064
7669
9639
2460
5441
9483
2868
6606
4680
3127
3801
7022
9643
4435
4188
3561
683
7129
1711
9693
3966
8633
3957
816
7267
1138
6400
9851
1666
3741
1283
2299
1677
5583
5071
1065
7326
4416
5746
4647
425
9762
7650
1022
3885
4955
786
3535
7265
7733
3544
4409
3988
4759
2667
6100
5643
1493
1948
677
6603
5163
1597
2629
7866
5221
3564
1070
2413
2670
4128
3175
5703
6879
4076
1866
3936
6121
8422
7264
9647
5964
2239
3217
8860
7847
6493
7357
6565
8702
7923
5526
7573
1344
26
9232
7975
4457
7972
7750
8353
504
8867
4953
3651
9663
235
4567
6206
7938
3791
6578
7803
8060
8604
1804
3820
2441
7659
1286
7555
8520
4422
2051
5619
8136
1544
1082
5944
4258
2113
4864
8386
320
4948
2733
4162
9717
9384
8483
4441
5582
1694
6113
283
3903
4842
2470
5838
6189
5619
1616
4183
1484
8393
3191
568
1328
2638
9808
892
5420
2264
6538
4248
208
8307
8953
7102
7416
3002
4824
3246
4565
2472
8629
8054
5005
7299
7264
7765
629
5114
44
4536
6523
7002
5933
5812
3072
9983
6255
2211
7788
1152
1649
1567
5981
5129
7930
8015
6762
5410
6668
4111
8402
1932
2832
827
4981
1708
3614
4983
4488
6727
9684
6172
7049
3503
2568
5570
787
1628
9571
7151
1991
4452
713
7770
5720
3660
563
6344
2736
888
1461
3935
8775
3785
3700
5909
2529
935
2466
4559
9463
9941
1015
5593
9574
5610
4455
4677
8584
677
8768
903
3669
9779
5267
2472
6816
8510
1527
6138
1150
3299
6037
6055
8198
4573
5299
9529
6911
5217
8919
6889
8520
8695
333
201
4802
6360
8276
851
1175
1469
6799
9197
197
8180
9752
389
5507
7460
8971
9268
1005
8200
4120
3766
5189
1102
6111
683
5926
4913
5354
9855
6682
9441
689
2763
1241
7489
4801
9474
296
8262
7129
3380
9922
8136
5900
6732
8923
771
6713
1138
9341
7469
6338
6351
1931
377
6853
7471
6396
5743
7077
5468
4319
1700
5346
8376
1302
5295
144
861
3620
6411
2808
8012
3880
2044
9622
5104
9624
2991
8943
8902
8590
6419
2732
7606
4437
2026
802
5933
7136
6537
447
9029
2942
1121
3717
3923
9905
9012
9525
41
6170
6054
8045
947
38
5225
385
7908
2642
7258
7413
2167
6433
3421
7765
6861
5221
3239
6614
1385
4440
9474
3516
766
3492
5034
9819
45
5576
1675
3526
9032
4237
8290
2274
5927
12
7405
3108
9243
5025
2106
1140
6222
8150
2019
7830
2511
8459
6198
3647
2263
56
2829
9159
10000
7130
507
3218
5601
4063
3495
6858
1610
1801
3864
6734
7664
8301
6719
2534
305
7872
780
8603
7733
1475
5555
1266
8039
7658
8004
9788
6457
1665
6219
710
1777
8531
4909
2476
4624
4428
7722
9611
594
9439
4346
3537
9432
4011
6199
121
7289
877
3034
2433
2969
3952
4280
860
538
5822
3115
1765
145
5858
8342
101
6038
1670
8958
1099
5793
7655
9015
1023
7614
5745
5812
7240
3154
5089
2772
3431
1785
9376
9439
6621
8509
2782
4979
8864
1745
8115
8275
7984
9143
3618
7226
8492
9252
8122
2279
5985
4391
7754
4314
5735
5389
1247
5030
8918
1990
5047
8753
8007
3684
3874
8192
6207
4457
7183
3092
4497
1557
7032
9942
3835
2727
8294
2969
9405
8578
7842
1468
8366
6771
5363
6211
2549
2502
4823
8137
2738
5424
2194
5837
1761
6574
2101
4424
9483
153
3240
7325
3960
4063
59
4227
9527
9985
6085
2989
4363
8511
2463
642
7263
7315
3854
8812
5695
677
2611
1821
5031
6853
1361
1595
1859
5644
3545
2002
2683
2389
1261
6778
2948
6064
9848
9321
402
8643
9014
9761
1023
32
1087
4497
5429
7899
7933
6110
8582
4554
9436
7008
5859
3672
8133
8470
4109
8082
6491
7840
7190
6117
5628
556
1653
8104
6869
424
9767
6415
406
1065
3813
2260
8575
3863
7797
9858
4746
2857
62
3959
2713
5036
3094
9868
5574
5268
4838
5973
7569
8702
9224
7667
7151
9900
2279
7991
4590
7186
4201
4830
2873
2733
7058
6602
6332
3766
2426
8443
7481
7929
3193
8689
8877
6342
8989
1099
3458
1152
5282
1707
3790
509
2044
455
7923
2787
9049
6826
7138
3626
1394
5577
8787
3886
625
3401
5609
3978
3950
9792
1473
196
6492
5779
2285
1641
9246
2292
9998
2140
8474
5873
7089
152
648
3204
8672
1072
715
7523
9460
576
457
9340
3254
4683
8056
1090
3287
2079
9527
384
2808
6893
7700
9282
6644
5611
4591
7725
6071
95
8618
7659
1365
9790
8963
644
8616
89
5571
5842
9997
603
4752
7134
9607
6566
7195
7843
167
9011
7279
9012
9425
4486
38
2541
8919
3068
4850
3611
1951
4221
2986
7757
2022
3660
9548
6740
7814
778
8958
3907
5844
5446
7207
4149
7369
4999
3332
5718
1768
7134
7249
1233
4717
2045
972
2970
5752
7657
5515
3196
6535
5057
6295
3760
8013
7385
5786
389
2022
4306
3277
6237
419
5947
8146
6081
2740
4720
4835
7316
1610
785
4841
6346
3640
7111
3467
9325
2380
3025
6818
4340
9072
970
7595
8063
6374
9781
6591
3650
47
9179
498
8267
3630
4481
5606
7974
1574
7476
1281
4928
7010
9334
6771
6841
1314
4062
9749
1475
4047
6506
5307
9606
3389
7154
9651
8265
9275
7158
3593
2441
3599
866
7171
7376
4538
9889
8161
5558
4859
2275
4095
2185
7369
2736
9512
369
4127
4990
7564
2691
9922
5306
7914
8846
4626
7114
830
65
3549
134
844
9762
9643
3921
1930
6412
6525
4906
243
9083
6691
8125
9685
8208
4969
9599
241
4208
3335
3062
8943
4407
9515
5177
8528
4296
8458
6671
9489
2670
2746
2941
7012
1404
5252
6596
5512
9718
4957
6102
9969
9663
4754
9281
5071
4259
8259
7725
293
2216
1172
8395
1453
3502
1593
1608
7069
8156
2825
450
850
6688
1664
5223
78
4163
4969
7962
3258
1654
7356
6302
9455
8108
3304
2986
6029
2894
7648
7181
1096
4305
9447
6420
1965
2077
5597
3497
1058
2681
2164
878
6395
4530
3395
6353
4537
6553
649
7531
130
7629
6060
9526
7646
6264
8641
9723
7717
9608
3794
5846
2631
8394
652
8758
2906
9728
5556
9342
9695
2770
4134
9674
5746
3314
8863
2234
1086
2017
3822
7370
8215
7619
3392
8415
5633
854
7088
5945
7816
6989
8400
7475
4368
4877
1564
6581
1026
8318
6504
5913
419
1051
8845
1842
1048
262
8868
4608
8834
4644
537
6727
6738
2197
9328
4168
4480
9813
5475
9335
2159
1368
7498
2248
8722
3589
9350
6489
8655
9259
3395
9443
7997
5474
586
2173
3860
604
8625
2860
9989
7376
8727
9145
4571
1056
1656
8971
5543
1122
4110
6539
2873
1971
7245
9833
6997
3262
163
8872
7458
3285
2523
9303
6079
9391
2059
4234
4533
7971
4805
8329
7059
2725
8049
2078
5243
4038
8651
925
3290
4155
2265
3414
9007
2565
2213
4937
7831
3492
261
8784
4703
2725
5432
4185
1284
4152
1097
1858
4099
7303
5079
1107
2552
5988
2251
9023
4448
4655
4231
1487
631
3508
6148
7775
9671
5611
6181
5371
8147
9200
9594
9311
2016
6281
5336
789
9766
4187
9904
3148
8653
246
154
9359
1168
952
4018
4123
59
6116
5636
5390
6732
5344
9386
4630
9667
8916
5420
2597
6599
7597
7916
7439
6642
6301
6035
4996
6285
4599
6774
6961
6240
3055
8320
1111
4501
8117
2324
9300
4633
9853
3580
3085
7342
6225
6000
3937
7630
4779
4494
4792
9518
7646
3387
2425
5203
8559
3328
5555
5784
1245
324
1910
6241
6989
2482
8576
8231
5399
2291
3861
422
6547
4927
5666
7613
4453
5887
837
6655
1647
4544
2398
9361
2022
3680
6664
9961
4522
8934
263
7456
3333
6227
7855
1251
1216
9714
4945
1826
1350
7541
6631
6887
9653
7852
2303
7425
3910
2796
8405
7438
8261
4078
6186
5656
1582
9577
9061
7573
6137
6902
4650
1321
8501
6430
9894
1474
8215
3285
3704
740
869
5044
561
699
1422
9510
177
9205
389
4809
2890
3907
307
2269
7808
8453
2320
1076
894
357
3095
2532
3153
7298
409
890
4863
1598
1667
7215
435
1104
3414
2479
9855
8260
1432
6200
6909
8253
441
7316
1461
1360
9571
4739
2852
4266
4834
6002
4194
47
2615
3790
2806
6769
8830
1801
327
187
6870
3304
7128
6930
3713
8086
9581
702
7611
6030
5488
5559
2704
8496
2454
7096
5579
1854
6407
4527
6289
1095
2601
4055
1714
5221
9418
6665
2229
322
6076
1560
3624
680
8977
9803
4982
3014
7798
1404
9759
4089
1710
3131
1748
7295
8108
3551
9760
9513
1108
6528
4878
5628
4746
4228
1984
4368
6252
6026
2862
5807
8114
180
1644
7837
3700
1081
4633
6180
171
6000
5577
103
4106
1813
4407
3904
9819
3937
2087
2439
7702
6868
6787
7503
108
8112
6868
687
5213
5080
4355
7529
5159
7539
8454
7177
3336
6595
2491
1623
7092
4886
9196
8613
6372
1610
8623
2740
5874
370
234
9975
8100
7403
5655
1854
7394
2706
1435
6964
522
6814
1797
8915
7635
1536
9785
2049
8559
3840
1503
8353
3295
8234
2193
1628
2302
4509
4777
7921
1707
4509
1219
4364
934
3695
4543
2157
5400
731
4657
3230
4906
1046
4324
4269
9166
8374
2481
6297
5476
1677
953
2707
9983
3496
7125
3803
3222
9800
9534
1244
2633
689
5563
1552
9619
5953
387
3828
6384
9381
4181
3176
8271
995
212
8005
570
6932
9901
6289
4940
2528
2177
3204
9438
5424
3549
96
7919
1901
2175
2669
9096
1558
3931
4475
2897
2486
971
324
1936
1583
3605
3072
8891
2359
4459
6371
6354
5657
9810
5471
4356
7075
6770
7898
2145
8566
6551
5943
5071
679
3440
3293
4413
6209
6293
8843
7910
5647
4383
1755
1344
9764
2257
3180
7085
4879
8877
1680
3707
1947
4788
1397
1985
1453
7303
4225
6416
2287
7768
9912
8184
4273
6860
828
5019
817
3563
1442
5742
282
982
5981
2466
2104
7468
1671
1401
6419
4679
9042
3995
4038
5126
5279
3754
6957
537
1370
496
8276
8917
8880
3017
4413
2600
7583
3209
1771
1760
917
9488
4678
7858
2217
5097
1299
9346
1044
7297
9535
7566
5583
6754
5384
4230
4021
2560
2225
3133
5107
7196
550
7817
5694
7523
4246
3795
939
2384
1314
8651
1069
4799
4006
5796
7138
6838
5821
8052
7036
8320
544
5315
2184
6186
1545
6518
4764
76
7951
9868
5158
1003
7972
6917
9338
4267
8659
5388
6331
4796
5671
2904
6641
2947
6273
8739
3478
1469
3673
3578
41
9794
1105
7869
7702
151
9572
7821
1926
1062
4067
4342
5051
7705
9256
4319
7599
5372
7095
5467
2723
1787
5688
5739
1609
6382
767
5753
1142
9814
8657
8021
9032
4994
2282
9923
5703
1664
9891
8283
6744
167
9453
2198
4465
6504
475
7307
2231
9941
8883
9104
588
6541
9966
5077
9979
6778
9006
5485
801
3108
9124
355
7964
3835
1122
6009
3689
2885
686
7766
9311
1238
4125
6832
4089
4639
5080
8369
6625
3991
1056
4691
2388
9322
495
2192
9070
5605
8182
3129
10000
8878
9244
3713
4702
4047
9726
8091
4825
1618
4788
3744
3123
9125
3939
7603
2975
4508
6396
3721
5973
2888
8675
2783
5551
5218
793
860
5313
7173
7112
9892
1758
9294
2757
5156
2431
4862
6816
5647
2169
300
9057
1707
2116
3989
7785
549
8390
3281
2645
4340
9933
6275
7648
7432
7948
4391
6532
9011
2535
4196
4682
4948
5680
2055
9240
7952
3573
3190
1818
8259
5403
7502
6264
8061
208
8111
7283
1603
8168
5023
4446
9481
7794
5503
54
19
5874
4816
8681
2874
2754
5844
797
9911
1546
3748
2859
6350
6205
2309
1426
700
56
1912
9483
5525
3339
5191
8984
2298
5569
5311
4831
2703
6147
3566
1972
5608
4527
7525
9136
3637
9471
8305
9827
5790
5431
5720
3637
2856
2971
3037
8676
524
9237
8844
8967
1039
4016
2165
9062
7987
6629
8355
1750
404
9048
7530
3790
1765
984
4354
8858
6590
3454
7835
6553
2457
8296
2449
1207
8010
2502
7420
4517
8154
7861
9218
1542
6158
8348
3502
518
8550
11
6616
3086
2834
680
3466
3037
9912
9682
8187
8506
2775
1040
6319
4617
608
7096
2410
1076
2656
3332
4912
1889
9463
9380
1063
2484
9952
5590
8019
2873
1613
9366
2927
4160
7629
529
3882
9705
9151
391
5696
1570
3144
4917
9330
7468
6226
8385
1446
3383
2725
308
1057
2290
870
5008
3510
9910
4409
187
8179
4365
8257
8175
5109
7743
5830
1039
7652
4065
2614
8705
2590
11
5200
7418
6677
1807
7541
4417
8637
4159
6504
3516
8669
4847
6929
5453
3283
1653
2339
6310
1904
6647
1230
7115
3091
6565
413
7786
2450
6995
6294
9003
1357
2391
2153
6312
5472
3540
4499
1751
4668
9086
4415
9688
1515
7895
407
5144
3693
4663
7767
4900
6883
1985
5665
3905
8534
8326
7316
2137
9684
2802
384
9944
1509
4508
4568
3096
5677
6218
721
2355
2701
9758
1288
6121
497
3040
4881
8960
6136
6874
8835
3207
7370
2955
2286
5660
6941
3205
8956
6426
1919
4540
3117
2432
2323
2533
4518
3787
8170
1990
7966
7208
1739
2441
1139
7096
2333
1741
9824
1454
4086
1599
3206
6834
3500
4641
3128
3748
2284
3871
264
1609
2821
1837
7100
108
8092
8645
2233
2207
5293
5049
3093
2401
2501
9333
4443
2789
738
4377
8187
8593
9587
4417
5965
4274
3090
9330
9742
1140
4121
7988
7206
7438
9577
1215
8154
2316
5859
9163
5247
5781
3915
7576
7528
7750
5789
2320
7911
693
108
1816
6497
1972
2245
2548
12
3955
5949
3709
3915
2265
7213
3231
7806
5122
7833
8911
6654
9590
5672
5183
55
3825
985
8190
9222
7887
3352
9242
6763
9528
1699
9497
7436
5555
733
6746
8973
3778
681
8568
880
5365
3644
4793
5675
2496
9126
6202
1364
1624
3320
5712
6260
8337
1591
2896
7116
5872
1266
2646
9509
5659
2308
3991
4934
4894
6772
5679
2587
3161
3996
989
5030
7344
7443
5393
6036
1688
812
7226
5778
7764
5582
3302
3220
7286
9515
8534
8106
9296
5792
1053
5216
2015
5459
2081
1754
8865
1631
2819
4621
7576
2512
9052
8126
1125
1699
7790
4250
9280
8501
9305
6950
9972
7969
2188
9205
409
288
8717
6501
8880
1751
2711
3292
9502
5080
2334
9584
3889
5124
5821
3260
5593
7065
9021
16
5506
8185
9788
6837
8979
985
5764
6843
8313
4967
8919
3041
7498
6752
2290
5992
9581
3394
1859
5755
916
1688
9168
1617
669
7098
8410
4013
8422
9514
5055
1849
7507
9469
1749
5007
6779
7676
1260
6160
8933
2784
5492
8269
9187
7113
4271
4107
4198
7769
7485
2011
7370
1068
9428
7650
3413
1431
4768
5108
1949
2049
1393
1778
7229
3543
6604
681
8634
8529
9597
682
4533
4593
4993
9783
251
5495
9299
9184
9472
587
4585
6129
7195
5457
1459
1660
1563
2526
6416
5398
1284
8999
7061
3185
5203
935
2357
5022
612
6480
4051
109
7353
8276
9725
2991
5394
5003
7579
9824
4690
4599
7928
6618
7369
7224
6677
1902
4023
4305
1597
4759
7797
1130
3058
5384
2249
4334
7101
9453
1577
2377
194
9397
4646
6665
1846
5463
7537
3275
3337
6860
2790
458
8307
8699
7425
5050
3641
3491
5892
1700
7170
6989
8658
2466
2068
6843
1826
701
6524
9186
8338
2410
1217
2591
6661
294
6505
1076
8611
540
5758
7819
3965
92
1307
9083
5871
2616
4625
3491
7687
4653
2980
5210
8882
9584
644
886
4884
5896
3919
9249
3328
8041
5747
9172
7117
2635
7471
6674
2850
176
2438
3881
1763
2572
8560
3245
9105
9778
4690
8505
7073
4605
8757
9771
5870
3421
3912
3918
7220
1793
2698
3011
4763
8440
8173
2884
6183
7846
5276
1207
2582
1762
5334
9349
1695
2481
1506
5203
2828
6249
3260
4759
3094
3492
3490
8641
6447
3591
2766
6129
9334
5901
1395
3204
9313
5413
1466
3084
5959
1015
7844
7392
6514
6643
9203
3604
2333
781
7653
9788
5968
7787
8190
693
2900
5241
7322
316
6404
5181
3567
4709
8775
3481
1181
5452
7262
835
2509
8571
8452
905
3625
5854
530
5975
2556
5576
8921
8189
9337
7420
7085
4870
2336
2050
974
9759
5924
9221
2540
8061
339
9564
5002
2167
5872
4294
179
6585
9908
3924
6054
5195
7236
1785
981
1294
1106
697
9471
1036
4980
1389
3296
3879
2637
9461
864
9433
7387
3598
7202
8692
9468
1523
6735
9088
4438
1712
1082
6969
4319
8346
4522
8226
7589
4089
471
7564
3709
375
3371
9648
2853
7625
1688
783
1678
8531
9407
8121
1605
5925
5327
4431
6894
3059
1806
476
6013
8154
7107
3660
1275
6996
8459
1245
8530
7035
6154
8737
817
3948
2488
9203
7334
6975
3234
7317
1765
2432
3459
2646
2159
5799
3982
339
7816
1494
9518
3801
7408
6059
4665
3126
6501
4831
9284
5153
1971
4403
520
5808
5423
3152
4771
3108
7664
9979
9207
9665
1498
6992
9129
6794
702
5348
4406
8488
8883
4717
5490
2377
3115
5885
7121
6563
3740
2941
5721
5741
3528
6140
4692
7375
6508
9081
353
8869
9216
4143
97
9640
4844
8273
3498
7800
3845
7126
6550
9763
2895
9394
9021
2488
7822
4634
4949
2324
5074
7389
6770
1438
653
7509
4210
2691
4990
1650
156
6453
7245
3719
7033
8370
2707
2668
8855
5351
2540
4514
6119
8176
6000
1681
2933
3006
1418
6874
8405
854
3748
544
7191
3562
3269
734
7329
7227
2167
1562
6998
9165
3153
1975
5689
2474
7003
9491
9423
3074
3965
4623
4112
7666
7386
441
5935
7508
6509
8268
2688
2120
9492
4929
5475
9051
6906
9162
5803
719
671
4768
9187
7009
3250
5976
2706
2750
7228
6052
586
2535
5911
3690
8864
1410
1485
2951
7467
8897
8421
1597
5611
5543
6337
9548
4332
5717
8336
3898
8181
7735
7910
9425
6635
2566
7
3852
4610
5350
9536
5258
620
9729
3664
4982
585
3628
2671
3120
5060
6520
7714
5291
7764
2427
2950
8730
3662
9988
3705
2969
5598
723
2016
5368
9455
9357
5826
4581
9220
5465
8306
5696
4921
4074
9390
9197
8407
3891
2447
2198
4187
5791
5191
4444
5178
897
5445
3465
6038
7149
9171
2967
62
5577
295
6067
9068
2714
9289
261
9573
3508
217
4220
2732
9911
4022
7359
9914
3923
9156
1989
615
302
9408
4349
4495
3324
2708
5243
4681
4090
4038
3203
5252
9682
170
3091
1802
3150
3924
885
332
3793
823
1039
6373
488
1642
6225
3195
6914
164
569
5264
6453
6680
6518
634
6260
4224
2390
3940
4548
6389
2352
9798
2481
2633
3073
5003
2225
9466
1617
6712
5718
3617
7307
2967
4468
6370
6181
1378
9323
6575
493
1552
559
3598
7211
6955
2867
392
8909
2273
6853
1222
7612
3083
8527
8188
7169
5630
920
5611
2567
5884
7446
1612
5208
8676
4909
1742
1645
9673
5185
407
9510
5258
8482
2033
8457
7923
7856
5355
5814
7723
4169
1088
6345
3530
3039
5301
3025
1365
502
8282
1066
900
2085
1408
547
5416
766
2601
3964
4909
2917
4309
3776
6866
7738
6647
1584
4278
4908
2314
4972
5894
7241
9218
234
9392
9960
1346
9237
4213
5895
8384
6445
7106
6377
9767
7836
101
886
9480
6819
7586
4629
3744
3569
6427
2124
4904
3242
701
6612
1357
5436
435
9638
5163
1932
2041
2514
6055
2314
6607
1548
3066
7304
1057
1868
2680
7881
6362
496
5484
4122
6401
7923
1695
1497
908
8837
9578
3928
5977
6898
9779
2287
6016
5495
2931
4211
1766
6262
7458
6144
9
9808
9483
1292
1935
8601
6950
7872
8774
203
5679
416
5301
205
5858
3215
4046
8086
3764
9014
5663
5963
4902
7973
3804
9766
1616
1612
6056
4658
340
3952
6022
1781
1046
7384
5464
1288
4254
3970
9593
7486
8973
3779
3020
5495
8340
636
8702
5221
8390
2265
7253
7709
9401
6139
9447
952
8540
4598
397
7108
7183
2767
9979
711
6198
648
324
8000
7719
6396
7975
689
2503
1221
5118
3723
7856
7647
1713
5345
2221
1876
7846
9668
9125
7976
3545
6364
4876
6202
1561
9522
1609
384
7059
7842
9659
9533
7074
1341
992
7014
1714
5519
8522
6587
8524
2544
4428
8316
1250
435
4373
8991
4308
5439
3416
1048
4639
9852
3796
1177
3395
7378
4339
4827
885
789
6192
5632
9558
2137
9822
9428
1463
4033
3776
952
8577
1644
6583
7608
6667
8964
9324
8724
5945
9619
7939
641
4678
2056
1098
7652
5115
1269
1627
6307
4631
4409
6865
5964
8829
5613
6116
1559
7465
6140
1397
5530
8568
9544
1043
4602
853
8013
4417
3691
9661
5230
9994
3589
7006
3152
8345
1271
2094
4970
6219
1692
4621
4169
7804
7751
9561
74
4524
743
8782
3590
5286
7067
1776
2906
4935
8197
5094
7901
9881
36
7628
3658
6346
4623
6836
8089
8492
1858
9159
5987
789
1469
6434
2013
1459
5687
8967
8092
1507
1313
5024
6471
6992
5745
6020
8345
474
5328
6416
9293
1326
5953
7453
7077
3546
5199
4231
4340
4030
2555
6372
8616
3898
9202
3510
4736
362
1719
8213
178
6912
4686
575
2202
5104
5581
684
6730
2171
1681
7446
2827
4769
2708
4842
3387
750
4844
9581
2142
7619
1477
7332
9500
8432
3497
8251
4847
3387
7322
6338
976
8036
1956
1326
7026
7133
7328
6274
9991
6527
4901
8764
1228
4130
8174
8768
3642
5047
4991
1580
7245
5215
5867
9958
5685
2551
2468
5625
3943
4506
8268
6663
7935
6208
8979
3899
5
3895
3875
6448
430
4226
309
3751
3932
1249
2847
9133
1981
9273
5313
7712
6149
1716
8736
9784
5180
3142
698
9272
8577
4053
1909
5715
2493
5858
3956
7378
9518
6399
8149
2561
2524
4841
9115
5953
4201
8397
8379
6940
8065
2339
2566
7218
3853
9090
8023
5747
7
1760
8699
100
8625
2484
6952
4636
3762
6086
7533
7534
2244
5228
3513
708
7234
4022
9125
8925
8744
3278
8597
6953
2000
2056
1928
6584
4100
7006
8241
8483
1765
3078
4878
7400
8158
6635
5728
3107
4706
4738
5377
3559
4673
2428
6667
1262
8807
3200
7961
8588
9835
6547
3032
2867
1778
449
831
7515
2116
5981
4629
1113
9680
5832
0
2440
8810
8481
8973
5754
824
4978
3270
7293
7084
5892
3049
915
4087
1781
8774
8083
9934
1816
2944
4973
3202
1587
5302
7415
9862
3003
9801
2536
1164
6272
4150
4572
5646
6396
3101
1072
1332
4359
4695
4949
48
6239
4737
7222
4323
1844
8448
5125
8804
8164
9846
324
2319
1899
8803
2364
3767
9673
2894
3220
4878
4106
6196
9836
5534
8917
9982
2839
2843
6393
924
1345
3421
6206
845
5635
9471
5339
8324
1855
3134
5147
6531
5401
354
3003
3563
2599
4985
2834
1226
3494
6276
949
5752
2061
8010
997
9214
4030
5550
4630
3608
6630
7837
2529
427
9057
5001
3782
7405
7195
8653
307
596
1276
1140
7021
4424
491
2129
7713
4441
4337
5672
1271
7639
6475
8651
2771
2900
3233
1908
9224
9861
5516
8701
332
7879
9867
1209
456
8074
1697
4750
9186
471
1285
1049
4405
5172
1023
6521
3546
1155
668
8795
5840
8852
5799
4942
811
2924
3571
7815
6007
9852
9003
2684
3
831
4473
5020
5105
4301
4907
1599
7827
3937
1187
1425
4262
7379
4770
9933
1725
8119
7145
9840
7675
8019
8858
4647
1888
724
4108
6292
8063
6888
8608
6723
6590
558
350
4292
1131
2363
5204
9772
7792
9160
1835
3514
7172
1737
3374
4831
6421
1855
6443
7030
487
7367
1681
6675
9233
9573
3774
3669
9799
7
3096
9502
1674
4875
5578
4626
5297
4054
2166
2357
3670
8208
4338
5897
510
1902
7531
7124
7727
2817
55
672
9636
7182
1105
4451
1291
9345
7776
8263
3514
9067
7709
5460
7766
3537
885
8673
9915
2392
1418
9585
3083
3084
7730
4421
6273
823
7456
1401
7286
2039
1583
3714
5564
2774
881
1788
2992
3799
6516
1559
8481
2321
5887
1275
5180
6139
4190
7939
7551
9844
1985
5940
9201
4248
9134
4633
1394
9592
5875
8681
6434
279
2521
4797
9759
3938
273
1250
9498
353
7005
1895
2506
6525
3506
4867
1427
2519
7640
7094
8218
9026
6149
9785
5747
1641
6431
6708
575
8766
3497
6652
6828
9681
554
3818
3186
6921
5166
5026
2469
2354
6783
642
6012
9510
5602
6882
3096
5660
7153
773
9077
5925
1796
5477
4510
8214
3421
2880
1602
2221
6991
2421
3583
7911
346
9982
7247
8877
1666
8299
8825
3860
330
884
8603
5273
5600
4694
236
7082
4460
2891
6629
5611
7279
7990
5353
5947
7495
7380
3167
3482
9468
7755
906
4822
6831
2360
7220
4839
2206
5109
2001
6909
7988
8603
8141
1573
7041
8899
3247
4752
1646
8442
1416
442
8763
28
8725
4383
9796
8860
5193
4557
3458
6821
232
1595
1002
2949
8211
7176
4149
6733
5711
1301
7368
6357
2316
10
7813
2301
2259
3478
8190
7811
5222
787
81
1653
666
1647
7887
5330
1657
7284
6390
6439
861
2392
8208
2222
3598
7557
888
2543
203
6871
7276
9464
2721
8616
6880
1418
9022
7815
503
3576
758
8236
5092
2394
325
7975
918
1588
5910
7162
8569
8820
3086
8506
8938
7191
5984
1416
5458
3384
1022
8259
4123
4683
1421
6941
3506
466
1282
7457
3977
9821
3874
1304
2528
5874
9960
1734
7293
9152
8499
9693
3652
6811
3834
5012
2115
1959
635
4913
6629
7436
270
2194
842
1397
27
3647
8991
7860
9680
5147
7517
3933
8245
3660
3351
6926
7454
7956
4828
8687
7490
9216
1633
1640
4797
9919
890
780
1437
4396
7516
8589
366
7264
8308
5294
1267
6588
889
5202
7122
7071
588
920
2573
4826
606
1211
1324
9356
3430
4944
1292
248
4317
3161
3071
5814
929
3614
9335
8367
6683
7308
301
6193
9246
4543
3060
5403
9750
8782
672
5760
2755
210
287
3396
1774
7343
8230
9859
251
4189
3979
1322
3298
2595
4285
4023
1205
4183
3285
1940
1743
4003
4405
616
4653
8486
5087
6602
8334
3565
5936
5491
5723
4959
1734
2749
3627
1498
2984
629
7362
4132
3108
1324
440
7780
8243
1250
7288
529
3702
3811
5463
4902
3600
8355
2713
8812
7865
1153
3351
9694
3946
186
7876
3858
8881
9261
9579
4542
1062
8591
1914
6362
45
8329
854
905
7048
8737
7139
8071
8404
5714
4369
414
9168
3193
215
3241
4316
4576
9685
1472
542
3817
1322
5441
2509
3014
9542
1648
3611
7455
8810
1276
2788
939
8378
8767
5751
3906
9399
5158
1060
4388
9847
6004
8999
7151
6463
1706
3842
9520
7119
8870
8263
3299
1433
4890
1914
1018
2276
4413
4959
1246
5862
5513
1288
2128
3552
5505
5473
4517
4179
1132
2141
6037
1746
5555
6362
5264
9697
5035
8897
858
9574
1509
723
3895
8886
3344
7101
2917
249
5477
2630
326
1465
1882
5269
5569
4101
7848
9047
5314
6354
6879
2362
3296
4488
7245
1160
2852
6007
6129
4058
3279
6823
5162
9508
7116
4198
9702
3482
9201
6985
5645
9845
9921
4761
1801
4553
4480
7913
2860
9151
7174
1351
7889
8631
4692
5664
1911
3689
5301
752
3650
7600
1364
8733
745
3545
1122
4780
4930
9075
1922
6916
3505
538
1143
8303
219
1884
2960
8511
8184
8940
8762
3443
9809
2498
6607
7138
3922
899
336
2472
8197
5562
2186
1985
5811
1003
3620
4464
8873
4197
7909
7743
7546
6867
4524
3221
3056
8245
9823
3040
4781
5186
679
6536
6503
1102
7741
8656
4541
5154
2795
9306
989
8329
388
9306
8546
3666
7267
5554
9556
3670
4475
5281
778
9217
6028
6893
7128
684
4940
2742
2182
3909
2112
7465
609
616
6076
3946
7805
5489
1906
7907
5050
9695
5779
1196
4258
3822
7567
3361
4991
1507
7636
820
7852
8714
5590
3101
2583
2638
8078
5936
6229
8513
9986
1780
6594
2196
8337
9320
8883
1376
1062
4859
8887
8439
3416
160
4382
3648
3276
3249
7488
8118
2817
973
4676
2237
8131
4711
7834
6749
233
3490
9316
419
609
2041
6310
428
1955
4781
4953
8977
97
594
2671
2399
6196
7430
7961
7097
9299
171
455
1
8072
33
538
9926
7091
8826
6983
190
7474
6810
3136
2204
3833
8608
7051
4275
9535
7624
8568
9908
62
5807
6924
5043
9940
2200
5649
4276
2089
714
7714
1946
9792
4823
2725
5184
449
4457
9761
2492
7273
8309
3928
3232
9694
2927
2110
524
5808
8540
3525
2495
496
368
3691
4540
983
3350
6202
8339
7555
7639
5295
1726
920
2052
3636
7203
9251
2693
3955
5857
7350
4392
213
7788
7565
3331
3839
9735
7106
220
3235
5540
9209
4748
234
5333
6266
3678
5472
4863
1452
6918
5755
7298
1664
8171
410
5958
8635
9361
343
7985
7008
931
3048
5717
7813
3323
9200
4685
3315
8461
1593
4574
4547
3924
5205
2211
5914
6627
7904
3742
2290
7283
4977
6498
2709
1719
7040
9727
1355
193
121
7398
971
1247
8763
5554
5939
2370
7822
1320
2348
5763
6344
621
178
3801
7328
6883
8333
5511
524
3565
6729
2258
1479
9240
929
8186
8991
5093
3811
8499
4840
1259
5724
6582
4207
164
9237
9194
2564
2198
7096
7437
4954
1455
2364
127
6585
7047
7793
5249
9441
8504
7481
4709
8222
2212
7604
7358
323
9463
4567
5319
8830
5697
8346
9086
4493
4873
5939
7559
2565
2436
4901
210
2981
5364
9732
9912
7893
7966
4519
6588
8835
7695
3712
3877
6913
6077
9126
3175
3310
6068
5383
2104
4141
8627
7852
7286
3243
8103
6869
4569
8805
8163
9514
3327
4942
7403
5552
5333
7289
6539
7277
2834
2452
7130
3940
4924
4816
5163
219
6086
552
1480
4735
5873
7970
5071
9029
4076
5330
4505
9590
1456
2155
7459
5557
2150
7682
8162
2516
167
610
7870
8461
9085
7604
4034
1437
973
4055
9667
9649
7897
9607
5620
3848
6882
2589
4985
8777
7184
2121
600
5057
6869
3944
3810
5491
4268
6243
5017
8
8693
4678
4345
1681
3946
1653
3755
2130
7648
3422
347
8434
9129
94
4263
5211
8789
7785
3579
4941
2158
9228
2911
6768
2666
9007
2049
9074
8099
2234
5898
3884
7113
974
7203
1856
3776
1014
9145
4998
114
2685
5727
561
8871
3330
4056
3612
1319
5784
4138
7656
7844
6742
8592
2410
2208
1244
6810
5324
3990
4703
5544
8744
7469
1827
604
7796
9401
2647
2447
4975
2623
9394
1783
6199
7131
4433
19
9659
5436
8687
3344
3179
4358
1984
8570
8016
1144
1679
3466
6986
7826
3498
4263
2706
4057
9094
8211
7289
5351
8048
9682
8352
548
8184
4151
7409
9693
6952
5564
5801
998
8400
9102
230
3573
4752
3176
4606
709
9015
1587
7492
7127
5145
9194
4688
2347
5336
2248
4694
1584
9744
7526
672
4932
2586
2819
6356
5468
9982
4996
4866
6936
9065
855
8829
2093
5053
285
7350
3511
2687
878
420
9657
1212
8064
4178
392
7511
5088
1028
7720
288
2705
7139
9520
9336
9323
6028
6349
7780
8529
1071
3909
1994
2417
1634
6732
3362
5943
7206
1820
8428
9632
1469
4526
9181
5448
3510
2751
3144
3312
6551
9762
3760
3873
5508
306
5172
6448
3442
9564
1891
9792
3561
9478
3101
7287
7779
2492
3354
7505
5080
8366
6314
5675
2907
5792
5813
1532
2640
6900
9015
4291
5854
9331
9747
5997
1492
7576
6150
423
5363
2525
5765
5841
2424
5763
2827
6470
9211
3045
7156
9274
8468
9621
1330
9814
542
8567
3020
3372
6423
2151
2339
5251
5450
5391
9846
7245
6664
440
9448
5621
6511
193
1870
9669
7223
9622
8581
8808
9529
3706
3087
626
614
1598
6423
1782
3188
7617
6238
8649
4385
1067
4450
4850
3859
8482
6661
8367
8850
3884
7669
1749
278
4920
1321
5212
8017
5303
9664
3792
5323
6915
5903
6660
2158
8138
8056
8692
4618
8470
5287
1932
3001
3378
6977
7249
4198
7439
5288
4583
5035
8303
5653
3556
1939
8808
5991
4865
8892
9621
4705
6896
7
216
9544
1314
5281
1700
4270
5974
8037
1014
7748
3443
470
2398
530
8682
9268
8631
7318
9968
6766
1543
9780
3021
4366
8559
3134
9486
3978
9618
1594
7385
165
6735
2372
3016
362
6658
5237
830
3038
5609
4829
304
3991
3939
5884
6531
9139
7685
7324
4331
8043
3449
9779
4055
6240
2834
2503
908
5984
2729
9908
8651
4380
8154
4922
2809
5129
5083
6318
8182
5067
1678
9735
312
9536
7728
7654
899
1244
3713
1861
2609
5727
2897
3030
9698
2764
2103
5972
6952
7216
9454
5845
1023
4579
198
141
4990
6303
5041
3619
9110
7388
8824
8534
8188
4126
1323
479
8680
2963
6044
957
6744
2440
7339
1380
1812
8878
999
9650
8928
3105
8514
9660
7103
9866
606
6137
242
3752
1381
2048
1809
5543
422
3532
4337
608
6532
7711
130
6711
3448
2107
70
1962
4844
438
3287
4967
3169
8502
1654
8235
4527
5590
9574
2862
9615
1415
1274
7145
9029
5872
5036
4317
9734
9138
6115
4933
8322
2582
7945
7524
5871
6768
4201
7134
8639
1392
2729
5079
8634
3473
5964
4862
8170
4289
1531
8546
2932
2631
949
5094
8773
1772
4048
7198
8499
231
1583
5922
6242
1901
8825
3152
8656
9353
8411
255
4150
5307
1662
7635
3633
1100
3712
3945
8840
7762
9303
5584
7221
4832
2923
6813
5562
4402
9060
8342
8050
3039
5770
7552
8335
2224
7555
6646
9278
8725
1520
5989
8545
9939
4226
8644
2988
5636
5287
8671
9830
6790
7770
177
8074
4195
4779
6262
9289
4443
6184
7039
2906
8495
9427
3725
7555
8543
3570
1437
6567
2191
6282
6758
2767
9035
9371
7413
4947
3665
9622
476
5986
867
8193
2394
494
3279
3661
8803
8089
9164
882
4667
6886
8114
294
5545
685
5463
32
8940
2441
1998
6266
646
6087
4145
5557
4761
8546
1226
6702
7578
3878
633
8527
5009
1871
8768
4410
343
4125
5472
3913
4166
1702
2361
6858
1094
9751
886
5401
8624
6136
4324
5242
1802
3135
8928
7949
3735
3454
3429
2576
5991
4467
2800
6253
4840
7463
1707
197
8994
1881
5476
9775
1991
8074
1522
4606
7708
5934
2195
7504
615
924
774
9067
3333
3448
5954
8117
2819
2335
6575
6868
3063
8266
7587
3691
6588
8372
259
5660
9214
8956
4538
7656
2582
9320
9069
4795
6750
5997
4929
113
775
3356
2373
67
2712
3505
6015
6231
1647
5695
2773
2778
3494
3009
8649
5832
9175
2022
4938
2535
8462
9346
1831
4883
5323
7473
7529
5705
886
1190
3969
2015
8293
4978
6063
3927
9676
1272
9933
5759
9219
9241
7065
9606
7863
3818
5516
648
4578
5143
6359
7798
6349
9246
3399
2865
4006
1874
6859
6401
3864
8671
7222
8581
5771
6568
3693
9067
6620
3243
2860
666
4609
3726
7037
7748
3650
5866
8515
1929
9172
9242
5481
4290
6289
5334
7708
5545
8794
284
5308
2992
2783
5422
1796
5840
1815
4861
3517
8536
1509
3979
1092
5107
184
7316
4944
6215
8770
9548
6207
4592
7566
8587
6349
3861
9644
5564
3707
341
683
2481
2792
7391
2874
4664
2688
7057
6122
1776
4184
4391
3271
8150
1370
5629
7313
428
2330
2638
7590
8141
5320
2511
8939
683
1342
2997
2379
2457
1384
1602
8468
6365
6761
8577
4775
4773
3962
1796
7063
6149
1238
4583
9699
5075
2692
5864
4580
3098
7142
5782
9458
7974
3175
8837
5881
9254
8915
962
4215
8894
4822
6547
8201
6564
563
6349
4300
697
2433
7500
1779
7957
6106
2345
7847
5767
614
3731
8496
4822
3351
548
9728
1091
2624
8819
5727
9712
3842
426
272
6401
7752
3715
5156
5535
4324
7593
4724
7872
3844
3557
8763
5049
7595
8072
6939
2467
4061
1129
6717
6918
3075
5494
3285
424
9476
5130
4400
7148
9962
606
5224
5947
1617
3914
8296
7170
8307
5035
1549
8636
1555
7877
2949
2374
5886
3707
3765
693
4631
6136
3749
7377
1192
2833
573
7449
2433
5684
2746
6803
5421
2894
9951
1231
6125
3667
7230
2895
8787
8509
9789
1145
7719
5961
3302
3711
9030
9628
579
3775
8403
7707
9170
8214
2466
953
6114
2357
5519
3964
5369
7049
421
8999
681
4476
2302
1160
1676
281
6417
8705
3734
796
6963
2477
2905
5893
1937
4030
5504
9898
242
2868
8334
5326
1157
9419
9541
6724
3014
1840
1974
4865
7460
1574
655
4715
8056
4687
3430
4139
7100
3441
9239
4133
2575
5329
1544
5540
7877
4814
5427
1642
610
6420
5589
842
3151
6487
9117
8669
6882
4892
1204
3818
4073
7362
4263
8588
6225
3601
822
128
5356
6416
8484
5268
5182
2230
800
8286
2467
3966
1406
8029
4868
3129
9992
7980
571
9114
7765
526
6707
234
6976
4542
8084
2815
3702
3626
5144
1756
5685
860
190
8470
7265
4796
3931
9775
1635
508
170
4445
6566
9053
5082
2426
3512
8394
8898
5463
1592
9008
2120
6836
7317
7714
5346
2244
8123
4052
1693
3461
2809
4501
3466
1343
4756
1213
171
5011
4479
3554
3290
9569
6499
2729
4335
5607
1757
2035
6593
9920
913
7870
7737
8343
5706
9533
9983
8447
5285
9062
6856
1921
1916
5874
771
3942
5794
4832
3639
9515
1820
471
3461
4896
2165
4636
3529
5525
7175
9502
7212
597
3778
3083
581
8401
4913
9702
7138
5838
5703
3619
3779
188
2112
63
4787
1091
5649
4193
1134
5959
3291
5234
5645
2612
5297
9949
693
8791
4773
6892
4029
9349
1996
492
25
8479
3331
1900
8217
6095
9298
1750
8327
4608
8857
8520
1158
4797
7300
4986
7707
7186
3256
4474
4624
8417
6293
7988
2791
471
327
3158
7153
4272
9663
5986
216
8189
3819
6769
8630
6284
4548
2330
2137
765
3423
7662
6862
8007
1214
1467
332
7783
902
1709
3998
901
4623
9255
25
1283
1098
9962
3147
4729
4182
8162
5008
8109
5036
7384
8036
9498
140
7373
8182
1933
4862
9981
1076
867
7618
367
4102
8153
2823
4070
7675
3444
1728
4978
2647
7293
9043
4023
7148
8846
9797
3492
5395
5107
5283
7238
3090
7990
9120
2827
8817
20
4462
7643
8553
9489
1272
7317
896
1082
8110
1528
3865
8585
6419
9148
260
2112
6525
1981
7485
3526
3607
3991
9441
163
8839
714
2686
8812
5536
1864
6345
9017
2718
8594
5479
7199
8753
5755
570
823
5936
8629
1580
4916
2776
3062
3630
1596
4532
7740
2799
6964
4105
7381
4713
8689
4795
6074
5697
1942
